   0.0000000e+00   3.5295473e-01
   4.9999729e-01   3.8949881e-01
   9.9999458e-01   4.0556575e-01
   1.5000019e+00   3.9757913e-01
   1.9999992e+00   3.6763482e-01
   2.4999965e+00   3.2476328e-01
   2.9999938e+00   2.8362622e-01
   3.5000011e+00   2.6054236e-01
   3.9999984e+00   2.6806070e-01
   4.4999957e+00   3.1017012e-01
   4.9999930e+00   3.8018105e-01
   5.5000003e+00   4.6231366e-01
   5.9999976e+00   5.3651802e-01
   6.4999949e+00   5.8472103e-01
   7.0000023e+00   5.9614505e-01
   7.4999996e+00   5.6979952e-01
   7.9999968e+00   5.1347133e-01
   8.4999941e+00   4.3995944e-01
   9.0000015e+00   3.6229313e-01
   9.4999988e+00   2.8986003e-01
   9.9999961e+00   2.2675834e-01
   1.0499993e+01   1.7262972e-01
   1.1000001e+01   1.2522107e-01
   1.1499998e+01   8.3363215e-02
   1.1999995e+01   4.9085534e-02
   1.2499993e+01   2.8080933e-02
   1.3000000e+01   2.8414183e-02
   1.3499997e+01   5.7952727e-02
   1.3999994e+01   1.2133739e-01
   1.4500002e+01   2.1738688e-01
   1.4999999e+01   3.3771012e-01
   1.5499996e+01   4.6704939e-01
   1.5999994e+01   5.8551980e-01
   1.6500001e+01   6.7245394e-01
   1.6999998e+01   7.1106026e-01
   1.7499996e+01   6.9269751e-01
   1.7999993e+01   6.1945079e-01
   1.8500000e+01   5.0401781e-01
   1.8999998e+01   3.6667371e-01
   1.9499995e+01   2.3006329e-01
   2.0000002e+01   1.1340158e-01
   2.0499999e+01   2.7974631e-02
   2.0999997e+01  -2.4565759e-02
   2.1499994e+01  -5.0619435e-02
   2.2000001e+01  -6.0491774e-02
   2.2499999e+01  -6.3347593e-02
   2.2999996e+01  -6.3200516e-02
   2.3499993e+01  -5.7377612e-02
   2.4000001e+01  -3.7868181e-02
   2.4499998e+01   5.1511820e-03
   2.4999995e+01   7.9067776e-02
   2.5499992e+01   1.8542473e-01
   2.6000000e+01   3.1842986e-01
   2.6499997e+01   4.6565002e-01
   2.6999994e+01   6.1040217e-01
   2.7500002e+01   7.3493034e-01
   2.7999999e+01   8.2345330e-01
   2.8499996e+01   8.6447127e-01
   2.8999994e+01   8.5211639e-01
   2.9500001e+01   7.8662977e-01
   2.9999998e+01   6.7416443e-01
   3.0499995e+01   5.2607939e-01
   3.0999993e+01   3.5780065e-01
   3.1500000e+01   1.8726598e-01
   3.1999997e+01   3.2979184e-02
   3.2499995e+01  -8.8234257e-02
   3.3000002e+01  -1.6357930e-01
   3.3499999e+01  -1.8644716e-01
   3.3999997e+01  -1.5795819e-01
   3.4499994e+01  -8.7401056e-02
   3.5000001e+01   8.8797129e-03
   3.5499999e+01   1.1035152e-01
   3.5999996e+01   1.9664228e-01
   3.6499993e+01   2.5248294e-01
   3.7000000e+01   2.7184651e-01
   3.7499998e+01   2.5977790e-01
   3.7999995e+01   2.3090593e-01
   3.8499992e+01   2.0469163e-01
   3.9000000e+01   1.9874824e-01
   3.9499997e+01   2.2252547e-01
   3.9999994e+01   2.7377824e-01
   4.0500002e+01   3.3934421e-01
   4.0999999e+01   4.0010338e-01
   4.1499996e+01   4.3825513e-01
   4.1999993e+01   4.4400708e-01
   4.2500001e+01   4.1895196e-01
   4.2999998e+01   3.7479566e-01
   4.3499995e+01   3.2810290e-01
   4.3999993e+01   2.9343726e-01
   4.4500000e+01   2.7789607e-01
   4.4999997e+01   2.7929071e-01
   4.5499995e+01   2.8847136e-01
   4.6000002e+01   2.9439543e-01
   4.6499999e+01   2.8940077e-01
   4.6999997e+01   2.7228021e-01
   4.7499994e+01   2.4802557e-01
   4.8000001e+01   2.2481729e-01
   4.8499998e+01   2.1009356e-01
   4.8999996e+01   2.0773338e-01
   4.9499993e+01   2.1751438e-01
   5.0000000e+01   2.3661168e-01
   5.0499998e+01   2.6179733e-01
   5.0999995e+01   2.9078337e-01
   5.1500002e+01   3.2189996e-01
   5.2000000e+01   3.5252716e-01
   5.2499997e+01   3.7764548e-01
   5.2999994e+01   3.8994787e-01
   5.3500002e+01   3.8208242e-01
   5.3999999e+01   3.5025443e-01
   5.4499996e+01   2.9738673e-01
   5.4999993e+01   2.3394882e-01
   5.5500001e+01   1.7554251e-01
   5.5999998e+01   1.3790268e-01
   5.6499995e+01   1.3132001e-01
   5.6999993e+01   1.5689780e-01
   5.7500000e+01   2.0628319e-01
   5.7999997e+01   2.6494536e-01
   5.8499995e+01   3.1749798e-01
   5.9000002e+01   3.5275390e-01
   5.9499999e+01   3.6651055e-01
   5.9999996e+01   3.6126617e-01
   6.0499994e+01   3.4349813e-01
   6.1000001e+01   3.2008017e-01
   6.1499998e+01   2.9548535e-01
   6.1999996e+01   2.7072352e-01
   6.2499993e+01   2.4398856e-01
   6.3000000e+01   2.1229433e-01
   6.3499998e+01   1.7325250e-01
   6.3999995e+01   1.2648604e-01
   6.4500002e+01   7.4600639e-02
   6.4999999e+01   2.3788644e-02
   6.5499997e+01  -1.6071992e-02
   6.5999994e+01  -3.2287642e-02
   6.6500001e+01  -1.1688026e-02
   6.6999999e+01   5.5568932e-02
   6.7499996e+01   1.7163544e-01
   6.7999993e+01   3.2776456e-01
   6.8500001e+01   5.0405893e-01
   6.8999998e+01   6.7308086e-01
   6.9499995e+01   8.0659309e-01
   6.9999992e+01   8.8310457e-01
   7.0500000e+01   8.9323237e-01
   7.0999997e+01   8.4066196e-01
   7.1499994e+01   7.3845538e-01
   7.2000002e+01   6.0268902e-01
   7.2499999e+01   4.4672099e-01
   7.2999996e+01   2.7901085e-01
   7.3499994e+01   1.0542828e-01
   7.4000001e+01  -6.5623786e-02
   7.4499998e+01  -2.1877535e-01
   7.4999996e+01  -3.3141603e-01
   7.5499993e+01  -3.7902353e-01
   7.6000000e+01  -3.4446334e-01
   7.6499997e+01  -2.2710839e-01
   7.6999995e+01  -4.7067671e-02
   7.7500002e+01   1.5833266e-01
   7.7999999e+01   3.4520024e-01
   7.8499997e+01   4.7683939e-01
   7.8999994e+01   5.3498955e-01
   7.9500001e+01   5.2393483e-01
   7.9999999e+01   4.6609124e-01
   8.0499996e+01   3.9149414e-01
   8.0999993e+01   3.2615369e-01
   8.1500001e+01   2.8431155e-01
   8.1999998e+01   2.6729131e-01
   8.2499995e+01   2.6818235e-01
   8.2999992e+01   2.7884575e-01
   8.3500000e+01   2.9504871e-01
   8.3999997e+01   3.1713728e-01
   8.4499994e+01   3.4653490e-01
   8.5000002e+01   3.8085737e-01
   8.5499999e+01   4.1118858e-01
   8.5999996e+01   4.2371268e-01
   8.6499994e+01   4.0527314e-01
   8.7000001e+01   3.5004599e-01
   8.7499998e+01   2.6372139e-01
   8.7999995e+01   1.6281269e-01
   8.8499993e+01   6.9249307e-02
   8.9000000e+01   2.8321567e-03
   8.9499997e+01  -2.4887515e-02
   8.9999995e+01  -1.2694206e-02
   9.0500002e+01   3.2576893e-02
   9.0999999e+01   1.0075488e-01
   9.1499997e+01   1.8253418e-01
   9.1999994e+01   2.7098608e-01
   9.2500001e+01   3.6019294e-01
   9.2999998e+01   4.4277271e-01
   9.3499996e+01   5.0877733e-01
   9.3999993e+01   5.4748745e-01
   9.4500000e+01   5.5158051e-01
   9.4999998e+01   5.2130039e-01
   9.5499995e+01   4.6580661e-01
   9.5999992e+01   4.0022445e-01
   9.6500000e+01   3.3936083e-01
   9.6999997e+01   2.9118652e-01
   9.7499994e+01   2.5368759e-01
   9.8000002e+01   2.1711436e-01
   9.8499999e+01   1.7075393e-01
   9.8999996e+01   1.1069892e-01
   9.9499993e+01   4.4225526e-02
   1.0000000e+02  -1.2052470e-02
   1.0050000e+02  -3.9821908e-02
   1.0100000e+02  -2.8799083e-02
   1.0149999e+02   1.6621584e-02
   1.0200000e+02   7.7725355e-02
   1.0250000e+02   1.2932982e-01
   1.0299999e+02   1.5171474e-01
   1.0350000e+02   1.4088007e-01
   1.0400000e+02   1.1190277e-01
   1.0450000e+02   9.3350158e-02
   1.0499999e+02   1.1499475e-01
   1.0550000e+02   1.9431547e-01
   1.0600000e+02   3.2785422e-01
   1.0650000e+02   4.9117637e-01
   1.0699999e+02   6.4717721e-01
   1.0750000e+02   7.5880183e-01
   1.0800000e+02   8.0066233e-01
   1.0849999e+02   7.6515035e-01
   1.0900000e+02   6.6166130e-01
   1.0950000e+02   5.1077665e-01
   1.1000000e+02   3.3704698e-01
   1.1049999e+02   1.6365773e-01
   1.1100000e+02   1.0254429e-02
   1.1150000e+02  -1.0707454e-01
   1.1200000e+02  -1.7582048e-01
   1.1249999e+02  -1.8867875e-01
   1.1300000e+02  -1.4657261e-01
   1.1350000e+02  -6.1097996e-02
   1.1400000e+02   4.6097018e-02
   1.1449999e+02   1.4825665e-01
   1.1500000e+02   2.2168923e-01
   1.1550000e+02   2.5393943e-01
   1.1599999e+02   2.4814241e-01
   1.1650000e+02   2.2119283e-01
   1.1700000e+02   1.9621497e-01
   1.1750000e+02   1.9261712e-01
   1.1799999e+02   2.1825533e-01
   1.1850000e+02   2.6721710e-01
   1.1900000e+02   3.2395359e-01
   1.1950000e+02   3.7137316e-01
   1.1999999e+02   3.9867237e-01
   1.2050000e+02   4.0505050e-01
   1.2100000e+02   3.9778694e-01
   1.2149999e+02   3.8618591e-01
   1.2200000e+02   3.7500544e-01
   1.2250000e+02   3.6110775e-01
   1.2300000e+02   3.3519884e-01
   1.2349999e+02   2.8771741e-01
   1.2400000e+02   2.1569329e-01
   1.2450000e+02   1.2687723e-01
   1.2500000e+02   3.8852892e-02
   1.2549999e+02  -2.6624881e-02
   1.2600000e+02  -5.1504061e-02
   1.2650000e+02  -2.8008747e-02
   1.2700000e+02   3.8812733e-02
   1.2749999e+02   1.3329424e-01
   1.2800000e+02   2.3472890e-01
   1.2850000e+02   3.2373069e-01
   1.2899999e+02   3.8694589e-01
   1.2950000e+02   4.1888397e-01
   1.3000000e+02   4.2110651e-01
   1.3050000e+02   3.9996665e-01
   1.3099999e+02   3.6417693e-01
   1.3150000e+02   3.2290612e-01
   1.3200000e+02   2.8440764e-01
   1.3250000e+02   2.5485927e-01
   1.3299999e+02   2.3728141e-01
   1.3350000e+02   2.3083233e-01
   1.3400000e+02   2.3101480e-01
   1.3449999e+02   2.3108995e-01
   1.3500000e+02   2.2437641e-01
   1.3550000e+02   2.0652716e-01
   1.3600000e+02   1.7677035e-01
   1.3649999e+02   1.3762794e-01
   1.3700000e+02   9.3506682e-02
   1.3750000e+02   4.9225323e-02
   1.3800000e+02   9.5098123e-03
   1.3849999e+02  -2.0305898e-02
   1.3900000e+02  -3.3230706e-02
   1.3950000e+02  -2.0723007e-02
   1.4000000e+02   2.4911004e-02
   1.4049999e+02   1.0605656e-01
   1.4100000e+02   2.1516619e-01
   1.4150000e+02   3.3281459e-01
   1.4199999e+02   4.3070964e-01
   1.4250000e+02   4.7985576e-01
   1.4300000e+02   4.6135828e-01
   1.4350000e+02   3.7542675e-01
   1.4399999e+02   2.4416225e-01
   1.4450000e+02   1.0597136e-01
   1.4500000e+02   3.0520163e-03
   1.4550000e+02  -3.3337468e-02
   1.4599999e+02   6.1688531e-03
   1.4650000e+02   1.0641769e-01
   1.4700000e+02   2.3439490e-01
   1.4749999e+02   3.5207960e-01
   1.4800000e+02   4.2983739e-01
   1.4850000e+02   4.5482647e-01
   1.4900000e+02   4.3158282e-01
   1.4949999e+02   3.7578941e-01
   1.5000000e+02   3.0526647e-01
   1.5050000e+02   2.3297508e-01
   1.5100000e+02   1.6507067e-01
   1.5149999e+02   1.0386792e-01
   1.5200000e+02   5.2781265e-02
   1.5250000e+02   1.9400215e-02
   1.5299999e+02   1.4261339e-02
   1.5350000e+02   4.5706481e-02
   1.5400000e+02   1.1380226e-01
   1.5450000e+02   2.0713395e-01
   1.5499999e+02   3.0487752e-01
   1.5550000e+02   3.8367914e-01
   1.5600000e+02   4.2615677e-01
   1.5650000e+02   4.2683180e-01
   1.5699999e+02   3.9260025e-01
   1.5750000e+02   3.3776459e-01
   1.5800000e+02   2.7655442e-01
   1.5850000e+02   2.1733379e-01
   1.5899999e+02   1.6159468e-01
   1.5950000e+02   1.0796507e-01
   1.6000000e+02   5.8425697e-02
   1.6049999e+02   2.2470577e-02
   1.6100000e+02   1.5953080e-02
   1.6150000e+02   5.4355079e-02
   1.6200000e+02   1.4358595e-01
   1.6249999e+02   2.7327164e-01
   1.6300000e+02   4.1670679e-01
   1.6350000e+02   5.3849850e-01
   1.6400000e+02   6.0700768e-01
   1.6449999e+02   6.0605167e-01
   1.6500000e+02   5.4041446e-01
   1.6550000e+02   4.3256433e-01
   1.6599999e+02   3.1220044e-01
   1.6650000e+02   2.0370340e-01
   1.6700000e+02   1.1748883e-01
   1.6750000e+02   4.9188114e-02
   1.6799999e+02  -1.3425796e-02
   1.6850000e+02  -7.9742520e-02
   1.6900000e+02  -1.4763581e-01
   1.6950000e+02  -2.0144247e-01
   1.6999999e+02  -2.1776934e-01
   1.7050000e+02  -1.7630911e-01
   1.7100000e+02  -7.0350877e-02
   1.7150000e+02   8.8124500e-02
   1.7199999e+02   2.7116810e-01
   1.7250000e+02   4.4404335e-01
   1.7300000e+02   5.7658411e-01
   1.7349999e+02   6.5176774e-01
   1.7400000e+02   6.6827708e-01
   1.7450000e+02   6.3693724e-01
   1.7500000e+02   5.7373769e-01
   1.7549999e+02   4.9329176e-01
   1.7600000e+02   4.0562881e-01
   1.7650000e+02   3.1687459e-01
   1.7700000e+02   2.3205202e-01
   1.7749999e+02   1.5721951e-01
   1.7800000e+02   9.8947977e-02
   1.7850000e+02   6.1175170e-02
   1.7899999e+02   4.1517696e-02
   1.7950000e+02   2.9926617e-02
   1.8000000e+02   1.1595612e-02
   1.8050000e+02  -2.6270437e-02
   1.8099999e+02  -8.6621242e-02
   1.8150000e+02  -1.5762149e-01
   1.8200000e+02  -2.1375035e-01
   1.8250000e+02  -2.2354934e-01
   1.8299999e+02  -1.6152774e-01
   1.8350000e+02  -1.9556941e-02
   1.8400000e+02   1.8708586e-01
   1.8450000e+02   4.2187672e-01
   1.8499999e+02   6.3697034e-01
   1.8550000e+02   7.8731946e-01
   1.8600000e+02   8.4379946e-01
   1.8649999e+02   8.0070513e-01
   1.8700000e+02   6.7538485e-01
   1.8750000e+02   5.0089760e-01
   1.8800000e+02   3.1506045e-01
   1.8849999e+02   1.5011946e-01
   1.8900000e+02   2.6340953e-02
   1.8950000e+02  -4.9291589e-02
   1.9000000e+02  -8.0300642e-02
   1.9049999e+02  -7.6199190e-02
   1.9100000e+02  -4.8549667e-02
   1.9150000e+02  -8.7865490e-03
   1.9199999e+02   3.2462870e-02
   1.9250000e+02   6.5763953e-02
   1.9300000e+02   8.4105512e-02
   1.9350000e+02   8.5156299e-02
   1.9399999e+02   7.3506046e-02
   1.9450000e+02   6.1163751e-02
   1.9500000e+02   6.4960866e-02
   1.9550000e+02   1.0088689e-01
   1.9599999e+02   1.7712469e-01
   1.9650000e+02   2.8872087e-01
   1.9700000e+02   4.1668299e-01
   1.9749999e+02   5.3270313e-01
   1.9800000e+02   6.0826965e-01
   1.9850000e+02   6.2475084e-01
   1.9900000e+02   5.8021796e-01
   1.9949999e+02   4.8986122e-01
   2.0000000e+02   3.7950315e-01
   2.0050000e+02   2.7480155e-01
   2.0100000e+02   1.9082851e-01
   2.0149999e+02   1.2675306e-01
   2.0200000e+02   6.8192473e-02
   2.0250000e+02  -3.6752785e-03
   2.0300000e+02  -1.0035833e-01
   2.0349999e+02  -2.1720276e-01
   2.0400000e+02  -3.3187949e-01
   2.0450000e+02  -4.1140040e-01
   2.0499999e+02  -4.2494216e-01
   2.0550000e+02  -3.5697096e-01
   2.0600000e+02  -2.1483493e-01
   2.0650000e+02  -2.7325466e-02
   2.0699999e+02   1.6533663e-01
   2.0750000e+02   3.2586783e-01
   2.0800000e+02   4.3256430e-01
   2.0850000e+02   4.8502567e-01
   2.0899999e+02   5.0093062e-01
   2.0950000e+02   5.0577937e-01
   2.1000000e+02   5.2042785e-01
   2.1049999e+02   5.5184840e-01
   2.1100000e+02   5.9072902e-01
   2.1150000e+02   6.1626659e-01
   2.1200000e+02   6.0541559e-01
   2.1249999e+02   5.4231115e-01
   2.1300000e+02   4.2412072e-01
   2.1350000e+02   2.6167887e-01
   2.1400000e+02   7.5718530e-02
   2.1449999e+02  -1.0889483e-01
   2.1500000e+02  -2.6840747e-01
   2.1550000e+02  -3.8351001e-01
   2.1600000e+02  -4.4086432e-01
   2.1649999e+02  -4.3384789e-01
   2.1700000e+02  -3.6340830e-01
   2.1750000e+02  -2.3898767e-01
   2.1799999e+02  -7.8507962e-02
   2.1850000e+02   9.3813130e-02
   2.1900000e+02   2.5222394e-01
   2.1950000e+02   3.7571780e-01
   2.1999999e+02   4.5353025e-01
   2.2050000e+02   4.8738367e-01
   2.2100000e+02   4.8918544e-01
   2.2150000e+02   4.7492346e-01
   2.2199999e+02   4.5737337e-01
   2.2250000e+02   4.4091511e-01
   2.2300000e+02   4.2081966e-01
   2.2349999e+02   3.8722239e-01
   2.2400000e+02   3.3171992e-01
   2.2450000e+02   2.5327493e-01
   2.2500000e+02   1.6052432e-01
   2.2549999e+02   6.9426237e-02
   2.2600000e+02  -2.5214805e-03
   2.2650000e+02  -4.2688093e-02
   2.2700000e+02  -4.7451910e-02
   2.2749999e+02  -2.2525747e-02
   2.2800000e+02   2.0128506e-02
   2.2850000e+02   6.6895710e-02
   2.2900000e+02   1.0641987e-01
   2.2949999e+02   1.3155151e-01
   2.3000000e+02   1.3947276e-01
   2.3050000e+02   1.3113725e-01
   2.3099999e+02   1.1112136e-01
   2.3150000e+02   8.8012236e-02
   2.3200000e+02   7.4306538e-02
   2.3250000e+02   8.4384331e-02
   2.3299999e+02   1.2994055e-01
   2.3350000e+02   2.1398672e-01
   2.3400000e+02   3.2616721e-01
   2.3450000e+02   4.4252043e-01
   2.3499999e+02   5.3137820e-01
   2.3550000e+02   5.6426726e-01
   2.3600000e+02   5.2779134e-01
   2.3649999e+02   4.3112293e-01
   2.3700000e+02   3.0490922e-01
   2.3750000e+02   1.9085861e-01
   2.3800000e+02   1.2555807e-01
   2.3849999e+02   1.2513236e-01
   2.3900000e+02   1.7757974e-01
   2.3950000e+02   2.4667452e-01
   2.4000000e+02   2.8640732e-01
   2.4049999e+02   2.6024244e-01
   2.4100000e+02   1.5718009e-01
   2.4150000e+02  -2.1843329e-03
   2.4199999e+02  -1.7222838e-01
   2.4250000e+02  -2.9883750e-01
   2.4300000e+02  -3.3920710e-01
   2.4350000e+02  -2.7712606e-01
   2.4399999e+02  -1.2813845e-01
   2.4450000e+02   6.6713869e-02
   2.4500000e+02   2.5541969e-01
   2.4550000e+02   3.9191363e-01
   2.4599999e+02   4.4936873e-01
   2.4650000e+02   4.2600409e-01
   2.4700000e+02   3.4271965e-01
   2.4750000e+02   2.3462558e-01
   2.4799999e+02   1.3992385e-01
   2.4850000e+02   8.9495567e-02
   2.4900000e+02   9.9502531e-02
   2.4949999e+02   1.6808272e-01
   2.5000000e+02   2.7631014e-01
   2.5050000e+02   3.9303610e-01
   2.5100000e+02   4.8275498e-01
   2.5149999e+02   5.1500130e-01
   2.5200000e+02   4.7306724e-01
   2.5250000e+02   3.5946226e-01
   2.5300000e+02   1.9601535e-01
   2.5349999e+02   1.8019326e-02
   2.5400000e+02  -1.3606562e-01
   2.5450000e+02  -2.3597390e-01
   2.5499999e+02  -2.6802948e-01
   2.5550000e+02  -2.3755674e-01
   2.5600000e+02  -1.6466204e-01
   2.5650000e+02  -7.5442221e-02
   2.5699999e+02   7.5420932e-03
   2.5750000e+02   7.1668582e-02
   2.5800000e+02   1.1539147e-01
   2.5850000e+02   1.4455978e-01
   2.5899999e+02   1.6651489e-01
   2.5950000e+02   1.8526067e-01
   2.6000000e+02   1.9998861e-01
   2.6050000e+02   2.0716813e-01
   2.6099999e+02   2.0444232e-01
   2.6150000e+02   1.9373710e-01
   2.6200000e+02   1.8165949e-01
   2.6249999e+02   1.7694958e-01
   2.6300000e+02   1.8645119e-01
   2.6350000e+02   2.1182417e-01
   2.6400000e+02   2.4867362e-01
   2.6449999e+02   2.8832405e-01
   2.6500000e+02   3.2101965e-01
   2.6550000e+02   3.3873802e-01
   2.6600000e+02   3.3635592e-01
   2.6649999e+02   3.1118571e-01
   2.6700000e+02   2.6204423e-01
   2.6750000e+02   1.8926203e-01
   2.6799999e+02   9.6202759e-02
   2.6850000e+02  -8.5283846e-03
   2.6900000e+02  -1.1002287e-01
   2.6950000e+02  -1.8886131e-01
   2.6999999e+02  -2.2609881e-01
   2.7050000e+02  -2.0985655e-01
   2.7100000e+02  -1.4056785e-01
   2.7150000e+02  -3.2030351e-02
   2.7199999e+02   9.2868564e-02
   2.7250000e+02   2.1033330e-01
   2.7300000e+02   3.0425702e-01
   2.7350000e+02   3.7130662e-01
   2.7399999e+02   4.2010670e-01
   2.7450000e+02   4.6493643e-01
   2.7500000e+02   5.1701051e-01
   2.7549999e+02   5.7755311e-01
   2.7600000e+02   6.3590358e-01
   2.7650000e+02   6.7333274e-01
   2.7700000e+02   6.7045607e-01
   2.7749999e+02   6.1456215e-01
   2.7800000e+02   5.0359804e-01
   2.7850000e+02   3.4563195e-01
   2.7900000e+02   1.5511154e-01
   2.7949999e+02  -5.1276757e-02
   2.8000000e+02  -2.5667757e-01
   2.8050000e+02  -4.4347789e-01
   2.8099999e+02  -5.9170008e-01
   2.8150000e+02  -6.7915387e-01
   2.8200000e+02  -6.8535249e-01
   2.8250000e+02  -5.9882743e-01
   2.8299999e+02  -4.2482859e-01
   2.8350000e+02  -1.8908744e-01
   2.8400000e+02   6.5661867e-02
   2.8450000e+02   2.9061837e-01
   2.8499999e+02   4.4580773e-01
   2.8550000e+02   5.1301620e-01
   2.8600000e+02   5.0111289e-01
   2.8649999e+02   4.4113030e-01
   2.8699999e+02   3.7291837e-01
   2.8750000e+02   3.2895100e-01
   2.8800000e+02   3.2212589e-01
   2.8849999e+02   3.4254471e-01
   2.8900000e+02   3.6419045e-01
   2.8950000e+02   3.5808064e-01
   2.9000000e+02   3.0588145e-01
   2.9049999e+02   2.0820775e-01
   2.9100000e+02   8.4589989e-02
   2.9150000e+02  -3.4118785e-02
   2.9200000e+02  -1.1711589e-01
   2.9249999e+02  -1.4404849e-01
   2.9300000e+02  -1.1086138e-01
   2.9350000e+02  -2.9915685e-02
   2.9399999e+02   7.4520083e-02
   2.9450000e+02   1.7314719e-01
   2.9500000e+02   2.3876351e-01
   2.9550000e+02   2.5237005e-01
   2.9599999e+02   2.0769701e-01
   2.9650000e+02   1.1366409e-01
   2.9700000e+02  -6.0833855e-03
   2.9750000e+02  -1.1754955e-01
   2.9799999e+02  -1.8488637e-01
   2.9850000e+02  -1.8149785e-01
   2.9900000e+02  -1.0030321e-01
   2.9949999e+02   4.1195639e-02
   3.0000000e+02   2.0432006e-01
   3.0050000e+02   3.4129867e-01
   3.0100000e+02   4.1232139e-01
   3.0149999e+02   4.0098226e-01
   3.0200000e+02   3.2134937e-01
   3.0250000e+02   2.1290655e-01
   3.0300000e+02   1.2471320e-01
   3.0349999e+02   9.5056801e-02
   3.0400000e+02   1.3523764e-01
   3.0450000e+02   2.2462990e-01
   3.0500000e+02   3.1932749e-01
   3.0549999e+02   3.7067322e-01
   3.0600000e+02   3.4558634e-01
   3.0650000e+02   2.3991549e-01
   3.0699999e+02   7.9356467e-02
   3.0750000e+02  -9.1822036e-02
   3.0800000e+02  -2.2864065e-01
   3.0850000e+02  -3.0173182e-01
   3.0899999e+02  -3.0535561e-01
   3.0950000e+02  -2.5471300e-01
   3.1000000e+02  -1.7525888e-01
   3.1050000e+02  -9.0041961e-02
   3.1099999e+02  -1.1194997e-02
   3.1150000e+02   6.1180912e-02
   3.1200000e+02   1.3362359e-01
   3.1249999e+02   2.1145635e-01
   3.1300000e+02   2.9318988e-01
   3.1350000e+02   3.6998137e-01
   3.1400000e+02   4.2974842e-01
   3.1449999e+02   4.6292522e-01
   3.1500000e+02   4.6623723e-01
   3.1550000e+02   4.4244678e-01
   3.1600000e+02   3.9671288e-01
   3.1649999e+02   3.3235533e-01
   3.1700000e+02   2.4913893e-01
   3.1750000e+02   1.4552888e-01
   3.1800000e+02   2.3725735e-02
   3.1849999e+02  -1.0573709e-01
   3.1900000e+02  -2.2321057e-01
   3.1950000e+02  -3.0445242e-01
   3.1999999e+02  -3.2901487e-01
   3.2050000e+02  -2.8871368e-01
   3.2100000e+02  -1.9197792e-01
   3.2150000e+02  -6.1695235e-02
   3.2199999e+02   7.2707220e-02
   3.2250000e+02   1.8540789e-01
   3.2300000e+02   2.6202476e-01
   3.2350000e+02   3.0189894e-01
   3.2399999e+02   3.1445677e-01
   3.2450000e+02   3.1217019e-01
   3.2500000e+02   3.0404055e-01
   3.2549999e+02   2.9278768e-01
   3.2600000e+02   2.7655941e-01
   3.2650000e+02   2.5336745e-01
   3.2700000e+02   2.2505850e-01
   3.2749999e+02   1.9816368e-01
   3.2800000e+02   1.8103710e-01
   3.2850000e+02   1.7904260e-01
   3.2900000e+02   1.9079282e-01
   3.2949999e+02   2.0787191e-01
   3.3000000e+02   2.1843201e-01
   3.3050000e+02   2.1275304e-01
   3.3100000e+02   1.8765678e-01
   3.3149999e+02   1.4729708e-01
   3.3200000e+02   9.9968478e-02
   3.3250000e+02   5.2963900e-02
   3.3299999e+02   8.7524128e-03
   3.3350000e+02  -3.4947341e-02
   3.3400000e+02  -8.0939841e-02
   3.3450000e+02  -1.2657395e-01
   3.3499999e+02  -1.5987144e-01
   3.3550000e+02  -1.6092724e-01
   3.3600000e+02  -1.0911752e-01
   3.3650000e+02   6.5924014e-03
   3.3699999e+02   1.7907039e-01
   3.3750000e+02   3.8076721e-01
   3.3800000e+02   5.6976688e-01
   3.3849999e+02   7.0231431e-01
   3.3900000e+02   7.4689698e-01
   3.3950000e+02   6.9411476e-01
   3.4000000e+02   5.5842567e-01
   3.4049999e+02   3.7149692e-01
   3.4100000e+02   1.7052884e-01
   3.4150000e+02  -1.3196566e-02
   3.4200000e+02  -1.6098195e-01
   3.4249999e+02  -2.6680799e-01
   3.4300000e+02  -3.3240410e-01
   3.4350000e+02  -3.6103422e-01
   3.4399999e+02  -3.5375065e-01
   3.4450000e+02  -3.0988255e-01
   3.4500000e+02  -2.3075868e-01
   3.4550000e+02  -1.2368679e-01
   3.4599999e+02  -3.0881653e-03
   3.4650000e+02   1.1258088e-01
   3.4700000e+02   2.0693147e-01
   3.4750000e+02   2.7166244e-01
   3.4799999e+02   3.0920995e-01
   3.4850000e+02   3.3040816e-01
   3.4900000e+02   3.4816237e-01
   3.4950000e+02   3.7027635e-01
   3.4999999e+02   3.9507085e-01
   3.5050000e+02   4.1200443e-01
   3.5100000e+02   4.0692080e-01
   3.5149999e+02   3.6917721e-01
   3.5200000e+02   2.9700658e-01
   3.5250000e+02   1.9848902e-01
   3.5300000e+02   8.7880921e-02
   3.5349999e+02  -2.0512412e-02
   3.5400000e+02  -1.1753218e-01
   3.5450000e+02  -2.0069501e-01
   3.5500000e+02  -2.7144942e-01
   3.5549999e+02  -3.2998837e-01
   3.5600000e+02  -3.7086465e-01
   3.5650000e+02  -3.8228712e-01
   3.5699999e+02  -3.5000999e-01
   3.5750000e+02  -2.6420613e-01
   3.5800000e+02  -1.2597535e-01
   3.5850000e+02   4.9892775e-02
   3.5899999e+02   2.3757336e-01
   3.5950000e+02   4.0737085e-01
   3.6000000e+02   5.3435067e-01
   3.6050000e+02   6.0477096e-01
   3.6099999e+02   6.1781765e-01
   3.6150000e+02   5.8247355e-01
   3.6200000e+02   5.1163342e-01
   3.6250000e+02   4.1666689e-01
   3.6299999e+02   3.0503488e-01
   3.6350000e+02   1.8166564e-01
   3.6400000e+02   5.2635471e-02
   3.6449999e+02  -7.1580129e-02
   3.6500000e+02  -1.7576460e-01
   3.6550000e+02  -2.4337930e-01
   3.6600000e+02  -2.6246407e-01
   3.6649999e+02  -2.3122489e-01
   3.6700000e+02  -1.6040446e-01
   3.6750000e+02  -7.0894526e-02
   3.6800000e+02   1.2784919e-02
   3.6849999e+02   7.0602472e-02
   3.6900000e+02   9.3441776e-02
   3.6950000e+02   8.5291582e-02
   3.6999999e+02   6.0493888e-02
   3.7050000e+02   3.7405048e-02
   3.7100000e+02   3.1178825e-02
   3.7150000e+02   4.8494218e-02
   3.7199999e+02   8.5995622e-02
   3.7250000e+02   1.3257055e-01
   3.7300000e+02   1.7412848e-01
   3.7350000e+02   1.9883784e-01
   3.7399999e+02   2.0097572e-01
   3.7450000e+02   1.8237256e-01
   3.7500000e+02   1.5140952e-01
   3.7550000e+02   1.2023126e-01
   3.7599999e+02   1.0111234e-01
   3.7650000e+02   1.0286242e-01
   3.7700000e+02   1.2799936e-01
   3.7749999e+02   1.7130852e-01
   3.7800000e+02   2.2031312e-01
   3.7850000e+02   2.5794017e-01
   3.7900000e+02   2.6713766e-01
   3.7949999e+02   2.3643816e-01
   3.8000000e+02   1.6476517e-01
   3.8050000e+02   6.3567001e-02
   3.8100000e+02  -4.5059408e-02
   3.8149999e+02  -1.3426178e-01
   3.8200000e+02  -1.8072034e-01
   3.8250000e+02  -1.7248841e-01
   3.8299999e+02  -1.1337534e-01
   3.8350000e+02  -2.1970338e-02
   3.8400000e+02   7.4563438e-02
   3.8450000e+02   1.4967530e-01
   3.8499999e+02   1.8608078e-01
   3.8550000e+02   1.8057240e-01
   3.8600000e+02   1.4330629e-01
   3.8650000e+02   9.2233672e-02
   3.8699999e+02   4.5358011e-02
   3.8750000e+02   1.4256771e-02
   3.8800000e+02   1.4792890e-03
   3.8849999e+02   2.4415883e-03
   3.8900000e+02   1.0260003e-02
   3.8950000e+02   2.0654450e-02
   3.9000000e+02   3.4229890e-02
   3.9049999e+02   5.4990082e-02
   3.9100000e+02   8.6049217e-02
   3.9150000e+02   1.2510271e-01
   3.9200000e+02   1.6247481e-01
   3.9249999e+02   1.8332783e-01
   3.9300000e+02   1.7349545e-01
   3.9350000e+02   1.2644507e-01
   3.9400000e+02   4.8068151e-02
   3.9449999e+02  -4.3227596e-02
   3.9500000e+02  -1.2163378e-01
   3.9550000e+02  -1.6245605e-01
   3.9599999e+02  -1.5068206e-01
   3.9650000e+02  -8.6202254e-02
   3.9700000e+02   1.6290518e-02
   3.9750000e+02   1.3247545e-01
   3.9799999e+02   2.3640625e-01
   3.9850000e+02   3.0817628e-01
   3.9900000e+02   3.3855131e-01
   3.9950000e+02   3.2939105e-01
   3.9999999e+02   2.9046965e-01
   4.0050000e+02   2.3456041e-01
   4.0100000e+02   1.7291943e-01
   4.0149999e+02   1.1265113e-01
   4.0200000e+02   5.6342040e-02
   4.0250000e+02   3.3948654e-03
   4.0300000e+02  -4.7929706e-02
   4.0349999e+02  -9.8625502e-02
   4.0400000e+02  -1.4765656e-01
   4.0450000e+02  -1.9137668e-01
   4.0500000e+02  -2.2365906e-01
   4.0549999e+02  -2.3682750e-01
   4.0600000e+02  -2.2349959e-01
   4.0650000e+02  -1.7919297e-01
   4.0700000e+02  -1.0502922e-01
   4.0749999e+02  -9.3855785e-03
   4.0800000e+02   9.2702932e-02
   4.0850000e+02   1.8294986e-01
   4.0899999e+02   2.4538728e-01
   4.0950000e+02   2.7220190e-01
   4.1000000e+02   2.6732147e-01
   4.1050000e+02   2.4574082e-01
   4.1099999e+02   2.2817820e-01
   4.1150000e+02   2.3273848e-01
   4.1200000e+02   2.6686301e-01
   4.1250000e+02   3.2311207e-01
   4.1299999e+02   3.8096186e-01
   4.1350000e+02   4.1428629e-01
   4.1400000e+02   4.0162591e-01
   4.1449999e+02   3.3493200e-01
   4.1500000e+02   2.2295465e-01
   4.1550000e+02   8.7704801e-02
   4.1600000e+02  -4.4508039e-02
   4.1649999e+02  -1.5347439e-01
   4.1700000e+02  -2.3220808e-01
   4.1750000e+02  -2.8751345e-01
   4.1800000e+02  -3.3370093e-01
   4.1849999e+02  -3.8235719e-01
   4.1900000e+02  -4.3303258e-01
   4.1950000e+02  -4.6949568e-01
   4.2000000e+02  -4.6387306e-01
   4.2049999e+02  -3.8753735e-01
   4.2100000e+02  -2.2453135e-01
   4.2150000e+02   1.8043569e-02
   4.2199999e+02   3.0729217e-01
   4.2250000e+02   5.9117918e-01
   4.2300000e+02   8.1267854e-01
   4.2350000e+02   9.2660292e-01
   4.2399999e+02   9.1321820e-01
   4.2450000e+02   7.8388131e-01
   4.2500000e+02   5.7680038e-01
   4.2550000e+02   3.4449399e-01
   4.2599999e+02   1.3734859e-01
   4.2650000e+02  -1.1130518e-02
   4.2700000e+02  -9.2549263e-02
   4.2749999e+02  -1.2289921e-01
   4.2800000e+02  -1.3356927e-01
   4.2850000e+02  -1.5758035e-01
   4.2900000e+02  -2.1605780e-01
   4.2949999e+02  -3.0973565e-01
   4.3000000e+02  -4.1841609e-01
   4.3050000e+02  -5.0843322e-01
   4.3100000e+02  -5.4529062e-01
   4.3149999e+02  -5.0677484e-01
   4.3200000e+02  -3.9168589e-01
   4.3250000e+02  -2.2096262e-01
   4.3299999e+02  -3.0841814e-02
   4.3349999e+02   1.3929688e-01
   4.3400000e+02   2.5975390e-01
   4.3450000e+02   3.1918738e-01
   4.3499999e+02   3.2607847e-01
   4.3550000e+02   3.0286887e-01
   4.3600000e+02   2.7558007e-01
   4.3650000e+02   2.6338437e-01
   4.3699999e+02   2.7230371e-01
   4.3750000e+02   2.9513849e-01
   4.3800000e+02   3.1685788e-01
   4.3850000e+02   3.2234938e-01
   4.3899999e+02   3.0269563e-01
   4.3950000e+02   2.5729911e-01
   4.4000000e+02   1.9156837e-01
   4.4049999e+02   1.1225859e-01
   4.4100000e+02   2.3689285e-02
   4.4150000e+02  -7.2646469e-02
   4.4200000e+02  -1.7473825e-01
   4.4249999e+02  -2.7510081e-01
   4.4300000e+02  -3.5770924e-01
   4.4350000e+02  -3.9977885e-01
   4.4400000e+02  -3.7898403e-01
   4.4449999e+02  -2.8366511e-01
   4.4500000e+02  -1.2141156e-01
   4.4550000e+02   7.8626899e-02
   4.4599999e+02   2.7201771e-01
   4.4650000e+02   4.1246646e-01
   4.4700000e+02   4.6747095e-01
   4.4750000e+02   4.2982761e-01
   4.4799999e+02   3.1997096e-01
   4.4850000e+02   1.7784405e-01
   4.4900000e+02   4.7460291e-02
   4.4950000e+02  -3.9493281e-02
   4.4999999e+02  -7.4224502e-02
   4.5050000e+02  -7.1342757e-02
   4.5100000e+02  -5.9479225e-02
   4.5150000e+02  -6.6477354e-02
   4.5199999e+02  -1.0584614e-01
   4.5250000e+02  -1.7039447e-01
   4.5300000e+02  -2.3559566e-01
   4.5349999e+02  -2.7084842e-01
   4.5400000e+02  -2.5339399e-01
   4.5450000e+02  -1.7870039e-01
   4.5500000e+02  -6.2944641e-02
   4.5549999e+02   6.3136247e-02
   4.5600000e+02   1.6601151e-01
   4.5650000e+02   2.2154242e-01
   4.5700000e+02   2.2262009e-01
   4.5749999e+02   1.7964107e-01
   4.5800000e+02   1.1445931e-01
   4.5850000e+02   5.1082810e-02
   4.5899999e+02   7.2882814e-03
   4.5950000e+02  -9.7011216e-03
   4.6000000e+02  -2.5910571e-03
   4.6050000e+02   2.0135262e-02
   4.6099999e+02   4.9200128e-02
   4.6150000e+02   7.7861206e-02
   4.6200000e+02   1.0248174e-01
   4.6250000e+02   1.2093026e-01
   4.6299999e+02   1.3050405e-01
   4.6350000e+02   1.2707990e-01
   4.6400000e+02   1.0622805e-01
   4.6450000e+02   6.5701491e-02
   4.6499999e+02   7.7959242e-03
   4.6550000e+02  -5.9945535e-02
   4.6600000e+02  -1.2635395e-01
   4.6649999e+02  -1.8001550e-01
   4.6700000e+02  -2.1289938e-01
   4.6750000e+02  -2.2256634e-01
   4.6800000e+02  -2.1199276e-01
   4.6849999e+02  -1.8721938e-01
   4.6900000e+02  -1.5406886e-01
   4.6950000e+02  -1.1555563e-01
   4.7000000e+02  -7.1176274e-02
   4.7049999e+02  -1.8278010e-02
   4.7100000e+02   4.5320255e-02
   4.7150000e+02   1.1882953e-01
   4.7199999e+02   1.9733446e-01
   4.7250000e+02   2.7247420e-01
   4.7300000e+02   3.3457011e-01
   4.7350000e+02   3.7520954e-01
   4.7399999e+02   3.8923515e-01
   4.7450000e+02   3.7551860e-01
   4.7500000e+02   3.3652736e-01
   4.7550000e+02   2.7717244e-01
   4.7599999e+02   2.0354526e-01
   4.7650000e+02   1.2193869e-01
   4.7700000e+02   3.8216236e-02
   4.7750000e+02  -4.2610837e-02
   4.7799999e+02  -1.1670224e-01
   4.7850000e+02  -1.8151481e-01
   4.7900000e+02  -2.3551496e-01
   4.7949999e+02  -2.7736612e-01
   4.8000000e+02  -3.0483520e-01
   4.8050000e+02  -3.1405254e-01
   4.8100000e+02  -2.9987311e-01
   4.8149999e+02  -2.5771647e-01
   4.8200000e+02  -1.8647867e-01
   4.8250000e+02  -9.1281234e-02
   4.8300000e+02   1.5547501e-02
   4.8349999e+02   1.1642010e-01
   4.8400000e+02   1.9331380e-01
   4.8450000e+02   2.3392705e-01
   4.8499999e+02   2.3660950e-01
   4.8550000e+02   2.1159968e-01
   4.8600000e+02   1.7745465e-01
   4.8650000e+02   1.5367107e-01
   4.8699999e+02   1.5241608e-01
   4.8750000e+02   1.7302002e-01
   4.8800000e+02   2.0193129e-01
   4.8850000e+02   2.1849057e-01
   4.8899999e+02   2.0417361e-01
   4.8950000e+02   1.5117887e-01
   4.9000000e+02   6.6338222e-02
   4.9049999e+02  -3.1615641e-02
   4.9100000e+02  -1.2027334e-01
   4.9150000e+02  -1.8340711e-01
   4.9200000e+02  -2.1767105e-01
   4.9249999e+02  -2.3274173e-01
   4.9300000e+02  -2.4464149e-01
   4.9350000e+02  -2.6540922e-01
   4.9400000e+02  -2.9430136e-01
   4.9449999e+02  -3.1524909e-01
   4.9500000e+02  -3.0247462e-01
   4.9550000e+02  -2.3225405e-01
   4.9600000e+02  -9.5670491e-02
   4.9649999e+02   9.3618763e-02
   4.9700000e+02   3.0059421e-01
   4.9750000e+02   4.7913223e-01
   4.9799999e+02   5.8731350e-01
   4.9850000e+02   6.0148510e-01
   4.9900000e+02   5.2331981e-01
   4.9950000e+02   3.7723736e-01
   4.9999999e+02   1.9978502e-01
   5.0050000e+02   2.5947013e-02
   5.0100000e+02  -1.2165715e-01
   5.0150000e+02  -2.3648113e-01
   5.0199999e+02  -3.2402078e-01
   5.0250000e+02  -3.9300604e-01
   5.0300000e+02  -4.4673906e-01
   5.0349999e+02  -4.7898793e-01
   5.0400000e+02  -4.7625587e-01
   5.0450000e+02  -4.2495459e-01
   5.0500000e+02  -3.1965046e-01
   5.0549999e+02  -1.6820263e-01
   5.0600000e+02   8.6909606e-03
   5.0650000e+02   1.8324580e-01
   5.0700000e+02   3.2891333e-01
   5.0749999e+02   4.2760507e-01
   5.0800000e+02   4.7302775e-01
   5.0850000e+02   4.6943406e-01
   5.0900000e+02   4.2725400e-01
   5.0949999e+02   3.5821876e-01
   5.1000000e+02   2.7226707e-01
   5.1050000e+02   1.7707894e-01
   5.1099999e+02   7.9420624e-02
   5.1150000e+02  -1.3456466e-02
   5.1200000e+02  -9.3876926e-02
   5.1250000e+02  -1.5558269e-01
   5.1299999e+02  -1.9629286e-01
   5.1350000e+02  -2.1919580e-01
   5.1400000e+02  -2.3197116e-01
   5.1450000e+02  -2.4324603e-01
   5.1499999e+02  -2.5790342e-01
   5.1550000e+02  -2.7353573e-01
   5.1600000e+02  -2.8004940e-01
   5.1649999e+02  -2.6306611e-01
   5.1700000e+02  -2.0997966e-01
   5.1750000e+02  -1.1619160e-01
   5.1800000e+02   1.1179639e-02
   5.1849999e+02   1.5382532e-01
   5.1900000e+02   2.8696294e-01
   5.1950000e+02   3.8648631e-01
   5.2000000e+02   4.3587174e-01
   5.2049999e+02   4.3037863e-01
   5.2100000e+02   3.7725951e-01
   5.2150000e+02   2.9226317e-01
   5.2200000e+02   1.9400754e-01
   5.2249999e+02   9.8351779e-02
   5.2300000e+02   1.4613386e-02
   5.2350000e+02  -5.5400583e-02
   5.2399999e+02  -1.1563346e-01
   5.2450000e+02  -1.7222542e-01
   5.2500000e+02  -2.2953265e-01
   5.2550000e+02  -2.8706975e-01
   5.2599999e+02  -3.3835801e-01
   5.2650000e+02  -3.7207979e-01
   5.2700000e+02  -3.7527143e-01
   5.2750000e+02  -3.3766669e-01
   5.2799999e+02  -2.5587781e-01
   5.2850000e+02  -1.3602609e-01
   5.2900000e+02   6.1982844e-03
   5.2949999e+02   1.4830381e-01
   5.3000000e+02   2.6591559e-01
   5.3050000e+02   3.3841152e-01
   5.3100000e+02   3.5359301e-01
   5.3149999e+02   3.1008986e-01
   5.3200000e+02   2.1706199e-01
   5.3250000e+02   9.1712487e-02
   5.3300000e+02  -4.4275080e-02
   5.3349999e+02  -1.6826882e-01
   5.3400000e+02  -2.5961818e-01
   5.3450000e+02  -3.0208443e-01
   5.3499999e+02  -2.8622122e-01
   5.3550000e+02  -2.1189340e-01
   5.3600000e+02  -9.0375628e-02
   5.3650000e+02   5.5272549e-02
   5.3699999e+02   1.9299266e-01
   5.3750000e+02   2.8828121e-01
   5.3800000e+02   3.1349041e-01
   5.3850000e+02   2.5713160e-01
   5.3899999e+02   1.2955521e-01
   5.3950000e+02  -3.7973356e-02
   5.4000000e+02  -2.0159196e-01
   5.4050000e+02  -3.1838024e-01
   5.4099999e+02  -3.6048963e-01
   5.4150000e+02  -3.2449953e-01
   5.4200000e+02  -2.3214691e-01
   5.4249999e+02  -1.2186200e-01
   5.4300000e+02  -3.4262286e-02
   5.4350000e+02   2.7146681e-03
   5.4400000e+02  -1.6815760e-02
   5.4449999e+02  -7.6349693e-02
   5.4500000e+02  -1.4543069e-01
   5.4550000e+02  -1.9295996e-01
   5.4600000e+02  -1.9962469e-01
   5.4649999e+02  -1.6437658e-01
   5.4700000e+02  -1.0273689e-01
   5.4750000e+02  -3.8349254e-02
   5.4799999e+02   8.0134333e-03
   5.4850000e+02   2.7045539e-02
   5.4900000e+02   2.3659736e-02
   5.4950000e+02   1.3316517e-02
   5.4999999e+02   1.4187017e-02
   5.5050000e+02   3.8915572e-02
   5.5100000e+02   8.9404918e-02
   5.5150000e+02   1.5624557e-01
   5.5199999e+02   2.2219991e-01
   5.5250000e+02   2.6764117e-01
   5.5300000e+02   2.7564105e-01
   5.5350000e+02   2.3533480e-01
   5.5399999e+02   1.4351288e-01
   5.5450000e+02   5.2290107e-03
   5.5500000e+02  -1.6588551e-01
   5.5549999e+02  -3.4775187e-01
   5.5600000e+02  -5.1143483e-01
   5.5650000e+02  -6.2532845e-01
   5.5700000e+02  -6.6210710e-01
   5.5749999e+02  -6.0694071e-01
   5.5800000e+02  -4.6401773e-01
   5.5850000e+02  -2.5815701e-01
   5.5900000e+02  -2.9681046e-02
   5.5949999e+02   1.7663373e-01
   5.6000000e+02   3.2496603e-01
   5.6050000e+02   3.9916854e-01
   5.6099999e+02   4.0640892e-01
   5.6150000e+02   3.7206028e-01
   5.6200000e+02   3.2782482e-01
   5.6250000e+02   2.9802818e-01
   5.6299999e+02   2.8987285e-01
   5.6350000e+02   2.9172281e-01
   5.6400000e+02   2.7993983e-01
   5.6450000e+02   2.3101235e-01
   5.6499999e+02   1.3344177e-01
   5.6550000e+02  -5.8890524e-03
   5.6600000e+02  -1.6350236e-01
   5.6650000e+02  -3.0815751e-01
   5.6699999e+02  -4.1252192e-01
   5.6750000e+02  -4.6243838e-01
   5.6800000e+02  -4.5996387e-01
   5.6849999e+02  -4.1944738e-01
   5.6900000e+02  -3.5914256e-01
   5.6950000e+02  -2.9268421e-01
   5.7000000e+02  -2.2441167e-01
   5.7049999e+02  -1.5030547e-01
   5.7100000e+02  -6.3415737e-02
   5.7150000e+02   3.9447130e-02
   5.7200000e+02   1.5333491e-01
   5.7249999e+02   2.6521686e-01
   5.7300000e+02   3.5818828e-01
   5.7350000e+02   4.1749253e-01
   5.7399999e+02   4.3531653e-01
   5.7450000e+02   4.1223922e-01
   5.7500000e+02   3.5514755e-01
   5.7550000e+02   2.7328856e-01
   5.7599999e+02   1.7490564e-01
   5.7650000e+02   6.6252592e-02
   5.7700000e+02  -4.6869043e-02
   5.7750000e+02  -1.5656789e-01
   5.7799999e+02  -2.5154993e-01
   5.7850000e+02  -3.1861368e-01
   5.7900000e+02  -3.4685707e-01
   5.7949999e+02  -3.3273582e-01
   5.8000000e+02  -2.8326525e-01
   5.8050000e+02  -2.1525521e-01
   5.8100000e+02  -1.5026963e-01
   5.8149999e+02  -1.0711166e-01
   5.8200000e+02  -9.4968409e-02
   5.8250000e+02  -1.1019691e-01
   5.8300000e+02  -1.3814198e-01
   5.8349999e+02  -1.5912058e-01
   5.8400000e+02  -1.5589531e-01
   5.8450000e+02  -1.1946017e-01
   5.8500000e+02  -5.0971870e-02
   5.8549999e+02   4.0387065e-02
   5.8600000e+02   1.4194393e-01
   5.8650000e+02   2.4192011e-01
   5.8699999e+02   3.3160738e-01
   5.8750000e+02   4.0479018e-01
   5.8800000e+02   4.5552449e-01
   5.8850000e+02   4.7628135e-01
   5.8899999e+02   4.5814455e-01
   5.8950000e+02   3.9343791e-01
   5.9000000e+02   2.7961018e-01
   5.9050000e+02   1.2230110e-01
   5.9099999e+02  -6.4237139e-02
   5.9150000e+02  -2.5990815e-01
   5.9200000e+02  -4.4365526e-01
   5.9249999e+02  -5.9830633e-01
   5.9300000e+02  -7.1327059e-01
   5.9350000e+02  -7.8413335e-01
   5.9400000e+02  -8.0984208e-01
   5.9449999e+02  -7.8943677e-01
   5.9500000e+02  -7.2047037e-01
   5.9550000e+02  -6.0027981e-01
   5.9600000e+02  -4.2961899e-01
   5.9649999e+02  -2.1672106e-01
   5.9700000e+02   2.0609165e-02
   5.9750000e+02   2.5649531e-01
   5.9800000e+02   4.6205330e-01
   5.9849999e+02   6.1228325e-01
   5.9900000e+02   6.9213302e-01
   5.9950000e+02   6.9938955e-01
   5.9999999e+02   6.4343109e-01
   6.0050000e+02   5.4063695e-01
   6.0100000e+02   4.0856338e-01
   6.0150000e+02   2.6127722e-01
   6.0199999e+02   1.0744052e-01
   6.0250000e+02  -4.8672293e-02
   6.0300000e+02  -2.0434974e-01
   6.0350000e+02  -3.5553897e-01
   6.0399999e+02  -4.9529666e-01
   6.0450000e+02  -6.1410991e-01
   6.0500000e+02  -7.0160614e-01
   6.0549999e+02  -7.4861588e-01
   6.0600000e+02  -7.4866033e-01
   6.0650000e+02  -6.9853910e-01
   6.0700000e+02  -5.9836697e-01
   6.0749999e+02  -4.5172264e-01
   6.0800000e+02  -2.6634009e-01
   6.0850000e+02  -5.5144195e-02
   6.0900000e+02   1.6319321e-01
   6.0949999e+02   3.6520661e-01
   6.1000000e+02   5.2571161e-01
   6.1050000e+02   6.2270537e-01
   6.1100000e+02   6.4280728e-01
   6.1149999e+02   5.8537383e-01
   6.1200000e+02   4.6357771e-01
   6.1250000e+02   3.0164314e-01
   6.1299999e+02   1.2875487e-01
   6.1350000e+02  -2.8606070e-02
   6.1400000e+02  -1.5348821e-01
   6.1450000e+02  -2.4222705e-01
   6.1499999e+02  -3.0387325e-01
   6.1550000e+02  -3.5544896e-01
   6.1600000e+02  -4.1457032e-01
   6.1650000e+02  -4.9185759e-01
   6.1699999e+02  -5.8565634e-01
   6.1750000e+02  -6.8088518e-01
   6.1800000e+02  -7.5253111e-01
   6.1849999e+02  -7.7283497e-01
   6.1900000e+02  -7.2000537e-01
   6.1950000e+02  -5.8575407e-01
   6.2000000e+02  -3.7924842e-01
   6.2049999e+02  -1.2615494e-01
   6.2100000e+02   1.3702273e-01
   6.2150000e+02   3.7162036e-01
   6.2200000e+02   5.4586507e-01
   6.2249999e+02   6.4158671e-01
   6.2300000e+02   6.5670283e-01
   6.2350000e+02   6.0303989e-01
   6.2399999e+02   5.0060530e-01
   6.2449999e+02   3.7052653e-01
   6.2500000e+02   2.2914437e-01
   6.2550000e+02   8.5123736e-02
   6.2599999e+02  -5.9801448e-02
   6.2650000e+02  -2.0721112e-01
   6.2700000e+02  -3.5727030e-01
   6.2750000e+02  -5.0493008e-01
   6.2799999e+02  -6.3861574e-01
   6.2850000e+02  -7.4194541e-01
   6.2900000e+02  -7.9787981e-01
   6.2950000e+02  -7.9383988e-01
   6.2999999e+02  -7.2601362e-01
   6.3050000e+02  -6.0136727e-01
   6.3100000e+02  -4.3664198e-01
   6.3149999e+02  -2.5458675e-01
   6.3200000e+02  -7.8550706e-02
   6.3250000e+02   7.2926277e-02
   6.3300000e+02   1.8987509e-01
   6.3349999e+02   2.7186866e-01
   6.3400000e+02   3.2594752e-01
   6.3450000e+02   3.6225042e-01
   6.3500000e+02   3.8889865e-01
   6.3549999e+02   4.0798323e-01
   6.3600000e+02   4.1415753e-01
   6.3650000e+02   3.9642426e-01
   6.3699999e+02   3.4252891e-01
   6.3750000e+02   2.4437222e-01
   6.3800000e+02   1.0243165e-01
   6.3850000e+02  -7.2471814e-02
   6.3899999e+02  -2.6073341e-01
   6.3950000e+02  -4.3828403e-01
   6.4000000e+02  -5.8212430e-01
   6.4050000e+02  -6.7520592e-01
   6.4099999e+02  -7.0922354e-01
   6.4150000e+02  -6.8482749e-01
   6.4200000e+02  -6.0977463e-01
   6.4250000e+02  -4.9615412e-01
   6.4299999e+02  -3.5783137e-01
   6.4350000e+02  -2.0874299e-01
   6.4400000e+02  -6.1993077e-02
   6.4449999e+02   7.0753585e-02
   6.4500000e+02   1.8008384e-01
   6.4550000e+02   2.5994910e-01
   6.4600000e+02   3.0865972e-01
   6.4649999e+02   3.2907808e-01
   6.4700000e+02   3.2752215e-01
   6.4750000e+02   3.1147369e-01
   6.4800000e+02   2.8684180e-01
   6.4849999e+02   2.5588409e-01
   6.4900000e+02   2.1670399e-01
   6.4950000e+02   1.6458617e-01
   6.4999999e+02   9.4621745e-02
   6.5050000e+02   4.5237016e-03
   6.5100000e+02  -1.0348931e-01
   6.5150000e+02  -2.2236924e-01
   6.5199999e+02  -3.4138130e-01
   6.5250000e+02  -4.4806114e-01
   6.5300000e+02  -5.3020984e-01
   6.5350000e+02  -5.7745980e-01
   6.5399999e+02  -5.8242607e-01
   6.5450000e+02  -5.4175861e-01
   6.5500000e+02  -4.5731115e-01
   6.5550000e+02  -3.3719997e-01
   6.5599999e+02  -1.9605726e-01
   6.5650000e+02  -5.3669567e-02
   6.5700000e+02   6.8362161e-02
   6.5749999e+02   1.5142715e-01
   6.5800000e+02   1.8477708e-01
   6.5850000e+02   1.6868512e-01
   6.5900000e+02   1.1452222e-01
   6.5949999e+02   4.1487068e-02
   6.6000000e+02  -2.8956390e-02
   6.6050000e+02  -7.8973259e-02
   6.6100000e+02  -9.8571170e-02
   6.6149999e+02  -8.6938476e-02
   6.6200000e+02  -5.0979875e-02
   6.6250000e+02  -2.1970514e-03
   6.6299999e+02   4.6566573e-02
   6.6350000e+02   8.3438842e-02
   6.6400000e+02   9.8718349e-02
   6.6450000e+02   8.5569704e-02
   6.6499999e+02   4.0989000e-02
   6.6550000e+02  -3.2728978e-02
   6.6600000e+02  -1.2666947e-01
   6.6650000e+02  -2.2536343e-01
   6.6699999e+02  -3.0928645e-01
   6.6750000e+02  -3.5979989e-01
   6.6800000e+02  -3.6513825e-01
   6.6850000e+02  -3.2505366e-01
   6.6899999e+02  -2.5180910e-01
   6.6950000e+02  -1.6651408e-01
   6.7000000e+02  -9.1814230e-02
   6.7049999e+02  -4.3729998e-02
   6.7100000e+02  -2.6065661e-02
   6.7150000e+02  -2.9867688e-02
   6.7200000e+02  -3.8252816e-02
   6.7249999e+02  -3.4525711e-02
   6.7300000e+02  -1.0000235e-02
   6.7350000e+02   3.1939798e-02
   6.7400000e+02   7.7293085e-02
   6.7449999e+02   1.0766021e-01
   6.7500000e+02   1.0836892e-01
   6.7550000e+02   7.4886672e-02
   6.7599999e+02   1.4806223e-02
   6.7650000e+02  -5.5229917e-02
   6.7700000e+02  -1.1606218e-01
   6.7750000e+02  -1.5303467e-01
   6.7799999e+02  -1.6059821e-01
   6.7850000e+02  -1.4292812e-01
   6.7900000e+02  -1.1086571e-01
   6.7950000e+02  -7.6995928e-02
   6.7999999e+02  -5.1165887e-02
   6.8050000e+02  -3.8144562e-02
   6.8100000e+02  -3.7865580e-02
   6.8149999e+02  -4.7470171e-02
   6.8200000e+02  -6.3741917e-02
   6.8250000e+02  -8.4682927e-02
   6.8300000e+02  -1.0969455e-01
   6.8349999e+02  -1.3863842e-01
   6.8400000e+02  -1.7055227e-01
   6.8450000e+02  -2.0280890e-01
   6.8500000e+02  -2.3114554e-01
   6.8549999e+02  -2.5052302e-01
   6.8600000e+02  -2.5644424e-01
   6.8650000e+02  -2.4626607e-01
   6.8700000e+02  -2.2012004e-01
   6.8749999e+02  -1.8119488e-01
   6.8800000e+02  -1.3525726e-01
   6.8850000e+02  -8.9415531e-02
   6.8899999e+02  -5.0325622e-02
   6.8950000e+02  -2.2301688e-02
   6.9000000e+02  -6.0152886e-03
   6.9050000e+02   1.5427850e-03
   6.9099999e+02   5.5371572e-03
   6.9150000e+02   1.0577095e-02
   6.9200000e+02   1.7897441e-02
   6.9250000e+02   2.3826432e-02
   6.9299999e+02   2.0584234e-02
   6.9350000e+02  -5.3322771e-04
   6.9400000e+02  -4.4747733e-02
   6.9449999e+02  -1.1015592e-01
   6.9500000e+02  -1.8675357e-01
   6.9550000e+02  -2.5894927e-01
   6.9600000e+02  -3.1075392e-01
   6.9649999e+02  -3.3144346e-01
   6.9700000e+02  -3.1911160e-01
   6.9750000e+02  -2.8044650e-01
   6.9800000e+02  -2.2689777e-01
   6.9849999e+02  -1.6923618e-01
   6.9900000e+02  -1.1336381e-01
   6.9950000e+02  -5.9584638e-02
   7.0000000e+02  -5.6566012e-03
   7.0049999e+02   4.8222914e-02
   7.0100000e+02   9.5611475e-02
   7.0150000e+02   1.2389879e-01
   7.0199999e+02   1.1897717e-01
   7.0250000e+02   7.2613092e-02
   7.0300000e+02  -1.1202768e-02
   7.0350000e+02  -1.1463458e-01
   7.0399999e+02  -2.1079475e-01
   7.0450000e+02  -2.7350686e-01
   7.0500000e+02  -2.8790692e-01
   7.0550000e+02  -2.5693651e-01
   7.0599999e+02  -2.0038443e-01
   7.0650000e+02  -1.4649394e-01
   7.0700000e+02  -1.1968303e-01
   7.0749999e+02  -1.2988557e-01
   7.0800000e+02  -1.6839731e-01
   7.0850000e+02  -2.1214426e-01
   7.0900000e+02  -2.3438498e-01
   7.0949999e+02  -2.1689192e-01
   7.1000000e+02  -1.5805399e-01
   7.1050000e+02  -7.3367578e-02
   7.1100000e+02   1.1585620e-02
   7.1149999e+02   7.2119767e-02
   7.1200000e+02   9.4200718e-02
   7.1250000e+02   7.8694151e-02
   7.1300000e+02   3.8699476e-02
   7.1349999e+02  -8.0858763e-03
   7.1400000e+02  -4.7858844e-02
   7.1450000e+02  -7.5943305e-02
   7.1499999e+02  -9.6658284e-02
   7.1550000e+02  -1.1859683e-01
   7.1600000e+02  -1.4832868e-01
   7.1650000e+02  -1.8605062e-01
   7.1699999e+02  -2.2535961e-01
   7.1750000e+02  -2.5694626e-01
   7.1800000e+02  -2.7390779e-01
   7.1850000e+02  -2.7563769e-01
   7.1899999e+02  -2.6816875e-01
   7.1950000e+02  -2.6084299e-01
   7.2000000e+02  -2.6114712e-01
   7.2049999e+02  -2.7045833e-01
   7.2100000e+02  -2.8288073e-01
   7.2150000e+02  -2.8769721e-01
   7.2200000e+02  -2.7413281e-01
   7.2249999e+02  -2.3606736e-01
   7.2300000e+02  -1.7452643e-01
   7.2350000e+02  -9.7017367e-02
   7.2400000e+02  -1.4350050e-02
   7.2449999e+02   6.3326535e-02
   7.2500000e+02   1.2941014e-01
   7.2550000e+02   1.8156140e-01
   7.2599999e+02   2.2032157e-01
   7.2650000e+02   2.4663364e-01
   7.2700000e+02   2.5956546e-01
   7.2750000e+02   2.5519790e-01
   7.2799999e+02   2.2699811e-01
   7.2850000e+02   1.6744755e-01
   7.2900000e+02   7.0454727e-02
   7.2950000e+02  -6.5908758e-02
   7.2999999e+02  -2.3678664e-01
   7.3050000e+02  -4.2861260e-01
   7.3100000e+02  -6.1871984e-01
   7.3150000e+02  -7.7740877e-01
   7.3199999e+02  -8.7297937e-01
   7.3250000e+02  -8.7922680e-01
   7.3300000e+02  -7.8360409e-01
   7.3349999e+02  -5.9330672e-01
   7.3400000e+02  -3.3657337e-01
   7.3450000e+02  -5.7793015e-02
   7.3500000e+02   1.9278895e-01
   7.3549999e+02   3.7175306e-01
   7.3600000e+02   4.5336675e-01
   7.3650000e+02   4.3490286e-01
   7.3700000e+02   3.3477470e-01
   7.3749999e+02   1.8464979e-01
   7.3800000e+02   1.8970531e-02
   7.3850000e+02  -1.3399519e-01
   7.3899999e+02  -2.5661411e-01
   7.3950000e+02  -3.4129771e-01
   7.4000000e+02  -3.8671076e-01
   7.4050000e+02  -3.9384164e-01
   7.4099999e+02  -3.6446102e-01
   7.4150000e+02  -3.0258516e-01
   7.4200000e+02  -2.1738848e-01
   7.4250000e+02  -1.2482775e-01
   7.4299999e+02  -4.5752648e-02
   7.4350000e+02  -2.5331440e-04
   7.4400000e+02  -3.5953962e-04
   7.4450000e+02  -4.4618061e-02
   7.4499999e+02  -1.1764373e-01
   7.4550000e+02  -1.9554883e-01
   7.4600000e+02  -2.5525055e-01
   7.4649999e+02  -2.8354141e-01
   7.4700000e+02  -2.8165093e-01
   7.4750000e+02  -2.6303257e-01
   7.4800000e+02  -2.4536139e-01
   7.4849999e+02  -2.4062441e-01
   7.4900000e+02  -2.4824389e-01
   7.4950000e+02  -2.5479672e-01
   7.5000000e+02  -2.4069971e-01
   7.5049999e+02  -1.9077006e-01
   7.5100000e+02  -1.0355765e-01
   7.5150000e+02   5.2045249e-03
   7.5199999e+02   1.0696847e-01
   7.5250000e+02   1.7082765e-01
   7.5300000e+02   1.7549348e-01
   7.5350000e+02   1.1756865e-01
   7.5399999e+02   1.2685732e-02
   7.5450000e+02  -1.1061603e-01
   7.5500000e+02  -2.2122632e-01
   7.5550000e+02  -2.9541755e-01
   7.5599999e+02  -3.2253548e-01
   7.5650000e+02  -3.0498657e-01
   7.5700000e+02  -2.5389033e-01
   7.5750000e+02  -1.8349161e-01
   7.5799999e+02  -1.0729186e-01
   7.5850000e+02  -3.7128214e-02
   7.5900000e+02   1.5770904e-02
   7.5949999e+02   4.0065192e-02
   7.6000000e+02   2.5918541e-02
   7.6050000e+02  -3.0815667e-02
   7.6100000e+02  -1.2377096e-01
   7.6149999e+02  -2.3375198e-01
   7.6200000e+02  -3.3148055e-01
   7.6250000e+02  -3.8569287e-01
   7.6300000e+02  -3.7404192e-01
   7.6349999e+02  -2.9236564e-01
   7.6400000e+02  -1.5804080e-01
   7.6450000e+02  -5.4475861e-03
   7.6499999e+02   1.2500425e-01
   7.6550000e+02   1.9994386e-01
   7.6600000e+02   2.0293590e-01
   7.6650000e+02   1.3746669e-01
   7.6699999e+02   2.2512354e-02
   7.6750000e+02  -1.1648746e-01
   7.6800000e+02  -2.5663986e-01
   7.6850000e+02  -3.8257727e-01
   7.6899999e+02  -4.8596746e-01
   7.6950000e+02  -5.6125928e-01
   7.7000000e+02  -6.0137364e-01
   7.7049999e+02  -5.9684870e-01
   7.7099999e+02  -5.3966575e-01
   7.7150000e+02  -4.2988662e-01
   7.7200000e+02  -2.8106674e-01
   7.7249999e+02  -1.2045518e-01
   7.7300000e+02   1.7625108e-02
   7.7350000e+02   1.0325756e-01
   7.7400000e+02   1.2241718e-01
   7.7449999e+02   8.2978960e-02
   7.7500000e+02   1.1904515e-02
   7.7550000e+02  -5.5753462e-02
   7.7600000e+02  -9.1464785e-02
   7.7649999e+02  -8.4980196e-02
   7.7700000e+02  -4.7886097e-02
   7.7750000e+02  -7.3079531e-03
   7.7799999e+02   7.3396265e-03
   7.7850000e+02  -2.1563004e-02
   7.7900000e+02  -9.1396155e-02
   7.7950000e+02  -1.8029669e-01
   7.7999999e+02  -2.5698565e-01
   7.8050000e+02  -2.9477943e-01
   7.8100000e+02  -2.8335345e-01
   7.8150000e+02  -2.3306577e-01
   7.8199999e+02  -1.7021859e-01
   7.8250000e+02  -1.2577017e-01
   7.8300000e+02  -1.2276072e-01
   7.8349999e+02  -1.6789193e-01
   7.8400000e+02  -2.5039875e-01
   7.8450000e+02  -3.4783703e-01
   7.8500000e+02  -4.3542322e-01
   7.8549999e+02  -4.9444968e-01
   7.8600000e+02  -5.1639153e-01
   7.8650000e+02  -5.0185397e-01
   7.8700000e+02  -4.5609521e-01
   7.8749999e+02  -3.8422924e-01
   7.8800000e+02  -2.8883382e-01
   7.8850000e+02  -1.7096208e-01
   7.8900000e+02  -3.3520758e-02
   7.8949999e+02   1.1528525e-01
   7.9000000e+02   2.6066343e-01
   7.9050000e+02   3.8308712e-01
   7.9099999e+02   4.6264922e-01
   7.9150000e+02   4.8412255e-01
   7.9200000e+02   4.4077669e-01
   7.9250000e+02   3.3577039e-01
   7.9299999e+02   1.8109271e-01
   7.9350000e+02  -5.0895288e-03
   7.9400000e+02  -2.0158971e-01
   7.9450000e+02  -3.8714038e-01
   7.9499999e+02  -5.4294023e-01
   7.9550000e+02  -6.5493046e-01
   7.9600000e+02  -7.1576949e-01
   7.9649999e+02  -7.2605974e-01
   7.9700000e+02  -6.9411370e-01
   7.9750000e+02  -6.3377571e-01
   7.9800000e+02  -5.6055749e-01
   7.9849999e+02  -4.8723699e-01
   7.9900000e+02  -4.2056614e-01
   7.9950000e+02  -3.6044458e-01
   8.0000000e+02  -3.0187939e-01
   8.0049999e+02  -2.3875566e-01
   8.0100000e+02  -1.6758259e-01
   8.0150000e+02  -8.9456673e-02
   8.0200000e+02  -9.4954613e-03
   8.0249999e+02   6.5597244e-02
   8.0300000e+02   1.3016787e-01
   8.0350000e+02   1.8078073e-01
   8.0399999e+02   2.1528163e-01
   8.0450000e+02   2.3061019e-01
   8.0500000e+02   2.2124883e-01
   8.0550000e+02   1.8007165e-01
   8.0599999e+02   1.0200565e-01
   8.0650000e+02  -1.0983064e-02
   8.0700000e+02  -1.4641566e-01
   8.0750000e+02  -2.8205762e-01
   8.0799999e+02  -3.9185082e-01
   8.0850000e+02  -4.5528160e-01
   8.0900000e+02  -4.6621331e-01
   8.0949999e+02  -4.3672705e-01
   8.1000000e+02  -3.9328685e-01
   8.1050000e+02  -3.6594665e-01
   8.1100000e+02  -3.7479450e-01
   8.1149999e+02  -4.1963665e-01
   8.1200000e+02  -4.7800127e-01
   8.1250000e+02  -5.1310827e-01
   8.1300000e+02  -4.8898262e-01
   8.1349999e+02  -3.8645825e-01
   8.1400000e+02  -2.1310592e-01
   8.1450000e+02  -2.5693988e-03
   8.1500000e+02   1.9663519e-01
   8.1549999e+02   3.3818761e-01
   8.1600000e+02   3.9370120e-01
   8.1650000e+02   3.6065853e-01
   8.1699999e+02   2.5969954e-01
   8.1750000e+02   1.2323146e-01
   8.1800000e+02  -1.8915833e-02
   8.1850000e+02  -1.5008639e-01
   8.1899999e+02  -2.6911802e-01
   8.1950000e+02  -3.8406915e-01
   8.2000000e+02  -5.0123913e-01
   8.2050000e+02  -6.1557033e-01
   8.2099999e+02  -7.0772787e-01
   8.2150000e+02  -7.4980832e-01
   8.2200000e+02  -7.1736568e-01
   8.2249999e+02  -6.0228026e-01
   8.2300000e+02  -4.2038821e-01
   8.2350000e+02  -2.0997375e-01
   8.2400000e+02  -2.1158615e-02
   8.2449999e+02   9.9888758e-02
   8.2500000e+02   1.2585663e-01
   8.2550000e+02   5.6688881e-02
   8.2600000e+02  -8.1412761e-02
   8.2649999e+02  -2.4554761e-01
   8.2700000e+02  -3.9026953e-01
   8.2750000e+02  -4.8104780e-01
   8.2799999e+02  -5.0258278e-01
   8.2850000e+02  -4.5993925e-01
   8.2900000e+02  -3.7330520e-01
   8.2950000e+02  -2.6928770e-01
   8.2999999e+02  -1.7231519e-01
   8.3050000e+02  -9.8919249e-02
   8.3100000e+02  -5.5996651e-02
   8.3150000e+02  -4.2438043e-02
   8.3199999e+02  -5.2446036e-02
   8.3250000e+02  -7.8742926e-02
   8.3300000e+02  -1.1452293e-01
   8.3350000e+02  -1.5397443e-01
   8.3399999e+02  -1.9197734e-01
   8.3450000e+02  -2.2384788e-01
   8.3500000e+02  -2.4572680e-01
   8.3549999e+02  -2.5561558e-01
   8.3600000e+02  -2.5450345e-01
   8.3650000e+02  -2.4679061e-01
   8.3700000e+02  -2.3941980e-01
   8.3749999e+02  -2.3968572e-01
   8.3800000e+02  -2.5234871e-01
   8.3850000e+02  -2.7713422e-01
   8.3900000e+02  -3.0773152e-01
   8.3949999e+02  -3.3296026e-01
   8.4000000e+02  -3.3999330e-01
   8.4050000e+02  -3.1869974e-01
   8.4099999e+02  -2.6563219e-01
   8.4150000e+02  -1.8616854e-01
   8.4200000e+02  -9.3879867e-02
   8.4250000e+02  -7.1547091e-03
   8.4299999e+02   5.5884138e-02
   8.4350000e+02   8.2471232e-02
   8.4400000e+02   6.8557040e-02
   8.4450000e+02   1.9309542e-02
   8.4499999e+02  -5.3310022e-02
   8.4550000e+02  -1.3488223e-01
   8.4600000e+02  -2.1307619e-01
   8.4650000e+02  -2.8069952e-01
   8.4699999e+02  -3.3621164e-01
   8.4750000e+02  -3.8173406e-01
   8.4800000e+02  -4.1963103e-01
   8.4849999e+02  -4.4931677e-01
   8.4900000e+02  -4.6583446e-01
   8.4950000e+02  -4.6099460e-01
   8.5000000e+02  -4.2676084e-01
   8.5049999e+02  -3.5957205e-01
   8.5100000e+02  -2.6379145e-01
   8.5150000e+02  -1.5268210e-01
   8.5200000e+02  -4.6160397e-02
   8.5249999e+02   3.4232886e-02
   8.5300000e+02   7.1616663e-02
   8.5350000e+02   5.9199812e-02
   8.5399999e+02   2.9061008e-03
   8.5450000e+02  -7.9887881e-02
   8.5500000e+02  -1.6528307e-01
   8.5550000e+02  -2.2995357e-01
   8.5599999e+02  -2.5809864e-01
   8.5650000e+02  -2.4592736e-01
   8.5700000e+02  -2.0217018e-01
   8.5750000e+02  -1.4449673e-01
   8.5799999e+02  -9.3179153e-02
   8.5850000e+02  -6.4325458e-02
   8.5900000e+02  -6.5123814e-02
   8.5950000e+02  -9.2717031e-02
   8.5999999e+02  -1.3687112e-01
   8.6050000e+02  -1.8509137e-01
   8.6100000e+02  -2.2789645e-01
   8.6149999e+02  -2.6199104e-01
   8.6200000e+02  -2.9007808e-01
   8.6250000e+02  -3.1759904e-01
   8.6300000e+02  -3.4810421e-01
   8.6349999e+02  -3.7959913e-01
   8.6400000e+02  -4.0378207e-01
   8.6450000e+02  -4.0875758e-01
   8.6500000e+02  -3.8417621e-01
   8.6549999e+02  -3.2655443e-01
   8.6600000e+02  -2.4233211e-01
   8.6650000e+02  -1.4713516e-01
   8.6699999e+02  -6.1331205e-02
   8.6750000e+02  -3.5700028e-03
   8.6800000e+02   1.5133158e-02
   8.6850000e+02  -5.5342564e-03
   8.6899999e+02  -5.6023270e-02
   8.6950000e+02  -1.2107760e-01
   8.7000000e+02  -1.8528141e-01
   8.7050000e+02  -2.3766765e-01
   8.7099999e+02  -2.7368876e-01
   8.7150000e+02  -2.9418871e-01
   8.7200000e+02  -3.0240418e-01
   8.7249999e+02  -3.0081976e-01
   8.7300000e+02  -2.8957046e-01
   8.7350000e+02  -2.6713901e-01
   8.7400000e+02  -2.3282435e-01
   8.7449999e+02  -1.8948464e-01
   8.7500000e+02  -1.4484570e-01
   8.7550000e+02  -1.1030685e-01
   8.7600000e+02  -9.7369586e-02
   8.7649999e+02  -1.1301009e-01
   8.7700000e+02  -1.5597060e-01
   8.7750000e+02  -2.1575231e-01
   8.7800000e+02  -2.7511394e-01
   8.7849999e+02  -3.1549941e-01
   8.7900000e+02  -3.2358595e-01
   8.7950000e+02  -2.9655292e-01
   8.7999999e+02  -2.4397359e-01
   8.8050000e+02  -1.8534869e-01
   8.8100000e+02  -1.4385159e-01
   8.8150000e+02  -1.3829037e-01
   8.8199999e+02  -1.7608177e-01
   8.8250000e+02  -2.4984625e-01
   8.8300000e+02  -3.3907644e-01
   8.8350000e+02  -4.1655915e-01
   8.8399999e+02  -4.5745994e-01
   8.8450000e+02  -4.4787933e-01
   8.8500000e+02  -3.8973520e-01
   8.8549999e+02  -3.0008611e-01
   8.8600000e+02  -2.0507464e-01
   8.8650000e+02  -1.3076036e-01
   8.8700000e+02  -9.4373727e-02
   8.8749999e+02  -9.9379106e-02
   8.8800000e+02  -1.3617075e-01
   8.8850000e+02  -1.8784577e-01
   8.8900000e+02  -2.3830979e-01
   8.8949999e+02  -2.7896246e-01
   8.9000000e+02  -3.1089165e-01
   8.9050000e+02  -3.4163538e-01
   8.9100000e+02  -3.7821718e-01
   8.9149999e+02  -4.2008920e-01
   8.9200000e+02  -4.5586496e-01
   8.9250000e+02  -4.6606993e-01
   8.9299999e+02  -4.3126948e-01
   8.9350000e+02  -3.4216100e-01
   8.9400000e+02  -2.0688877e-01
   8.9450000e+02  -5.1693420e-02
   8.9499999e+02   8.6223068e-02
   8.9550000e+02   1.7124282e-01
   8.9600000e+02   1.8229578e-01
   8.9650000e+02   1.2076870e-01
   8.9699999e+02   9.8587148e-03
   8.9750000e+02  -1.1451966e-01
   8.9800000e+02  -2.1751581e-01
   8.9849999e+02  -2.7801897e-01
   8.9900000e+02  -2.9495473e-01
   8.9950000e+02  -2.8478321e-01
   9.0000000e+02  -2.7168437e-01
